-255071	1	0.63	2.6
-441987	1	0.37	11.7
-138175	1	0.29	5.2
-164207	1	0.14	13.6
-419624	1	0.08	14.5
2015 BN509	1.01	0.57	4.2
2014 KQ76	1.01	0.42	4.8
2009 FY4	1.01	0.33	21
-85990	1.01	0.31	5.3
1999 LS7	1.01	0.3	13.1
-277475	1.01	0.24	9.8
2010 CO1	1.01	0.22	24
-454094	1.01	0.14	11.9
-418849	1.01	0.11	33.5
-439437	1.02	0.55	6.5
(4581) Asclepius	1.02	0.36	4.9
2001 FC58	1.02	0.34	6.8
-367248	1.02	0.14	19.9
2005 LX36	1.03	0.58	33
2010 DA	1.03	0.57	20.5
2012 QG42	1.03	0.37	6.8
2015 JA2	1.03	0.35	16.4
-138971	1.03	0.33	7.9
2000 AF205	1.03	0.28	2.4
-443103	1.03	0.19	21.5
-365071	1.03	0.07	45.9
-267221	1.04	0.66	1.7
2007 SQ6	1.04	0.15	9.1
2001 VC2	1.04	0.13	12.5
2003 MS2	1.04	0.13	20
-207945	1.04	0.12	8.7
2004 XO	1.04	0.1	26
2005 TF49	1.04	0.03	24.6
-365014	1.05	0.6	6.6
-310560	1.05	0.5	26.6
-286080	1.05	0.48	2.8
-175706	1.05	0.35	2
2008 JG	1.05	0.3	7.9
-263976	1.05	0.26	13.5
-385252	1.05	0.18	50.1
2004 XP14	1.05	0.16	33
2004 LB	1.05	0.05	37.3
2009 CB3	1.06	0.72	21.5
(4769) Castalia	1.06	0.48	8.9
(4034) Vishnu	1.06	0.44	11.2
-68950	1.06	0.34	25.2
2005 GL	1.06	0.31	15.9
-434196	1.06	0.13	19.8
2007 GS3	1.06	0.13	15.1
2011 YJ28	1.06	0.09	27.1
2010 JJ41	1.07	0.67	3.3
2008 XW2	1.07	0.44	26.5
2002 JE9	1.07	0.42	8.8
-350751	1.07	0.26	0.6
-192559	1.07	0.23	10.1
2015 GY	1.07	0.2	11.8
-444193	1.07	0.19	24.8
-444004	1.07	0.17	17.2
2000 TU28	1.07	0.18	15.6
2015 JF11	1.07	0.11	5.4
2008 LW16	1.07	0.1	29.7
(1566) Icarus	1.08	0.83	22.8
2004 WK1	1.08	0.73	34.5
-171576	1.08	0.58	17.3
-357622	1.08	0.54	3.2
2007 TS19	1.08	0.5	15.6
-154275	1.08	0.49	11.6
-242450	1.08	0.48	37
2012 RG15	1.08	0.45	48.9
(11500) Tomaiyowit	1.08	0.36	10.3
2011 WL2	1.08	0.28	14.1
2005 VR7	1.08	0.29	25.2
-433953	1.08	0.2	7.2
2003 MK4	1.08	0.18	22.3
-416195	1.08	0.16	26.9
2008 BD15	1.08	0.14	32.2
1999 FA	1.08	0.13	12
-363067	1.08	0.09	15.3
-141525	1.09	0.72	34
2008 SC	1.09	0.7	16.9
-162882	1.09	0.58	6.5
-162120	1.09	0.57	2.1
-65909	1.09	0.54	3.6
-366746	1.09	0.46	18.3
-143649	1.09	0.19	62.1
1999 SO5	1.09	0.07	13.4
2012 KA4	1.1	0.78	5.8
-226514	1.1	0.62	2.6
2008 DL5	1.1	0.47	18.6
-374855	1.1	0.45	16.7
2013 HT15	1.1	0.42	2.9
2011 LT17	1.1	0.29	20.9
2010 UD	1.1	0.26	26.3
2013 AS27	1.1	0.23	33.6
2004 TB10	1.1	0.09	22.5
-141495	1.11	0.8	2.4
-215588	1.11	0.68	3.1
-154590	1.11	0.4	1.4
2011 JD1	1.11	0.36	22
-164121	1.11	0.29	44.1
2001 SQ3	1.11	0.25	23.9
-385186	1.11	0.08	24.1
2011 UG20	1.12	0.69	18.9
-413989	1.12	0.52	30.8
2013 FW13	1.12	0.36	23.4
2007 FT3	1.12	0.31	26.7
2005 JU81	1.12	0.28	17.3
-226554	1.12	0.26	9.3
(161989) Cacus	1.12	0.21	26.1
-350523	1.12	0.2	3.6
-429094	1.12	0.17	26
-7822	1.12	0.16	37.1
2011 CC22	1.12	0.12	34.6
2007 TL23	1.13	0.74	2.1
2003 YL118	1.13	0.49	7.6
-152671	1.13	0.37	2.7
2010 FR	1.13	0.37	14.2
-265482	1.13	0.33	6.2
-235756	1.13	0.26	39.1
-260141	1.13	0.25	17.7
-453707	1.13	0.23	31.5
(101955) Bennu	1.13	0.2	6
2001 QC34	1.13	0.19	6.2
2002 TB70	1.13	0.13	16.7
2015 AY245	1.13	0.11	13.6
2011 LL2	1.13	0.1	24.7
-138404	1.14	0.32	2.2
2007 YQ56	1.14	0.29	26.5
2000 CE59	1.14	0.17	12.3
-35107	1.14	0.14	13.9
1998 SU4	1.15	0.58	23.2
2008 UW91	1.15	0.57	7.3
2011 WN46	1.15	0.42	26.6
(6239) Minos	1.15	0.41	3.9
2001 XP31	1.15	0.39	6.2
2012 DE31	1.15	0.37	29.7
2007 VD12	1.15	0.36	22.9
-452807	1.15	0.27	3.6
-354182	1.15	0.24	8.7
2012 BB124	1.15	0.21	15.8
2014 EQ49	1.15	0.21	15.2
2012 EY11	1.15	0.15	9
1999 LX1	1.16	0.73	19.8
-152828	1.16	0.52	5.1
-438955	1.16	0.47	1.5
-308635	1.16	0.43	0.3
2014 SP142	1.16	0.42	5.6
2002 JQ9	1.16	0.39	25
2010 XA68	1.16	0.3	59.3
2011 YG6	1.16	0.3	28.1
-152978	1.16	0.24	25
2012 UU136	1.16	0.21	35.6
2003 UW29	1.17	0.84	3.8
-349507	1.17	0.58	13.6
2011 KW15	1.17	0.49	23.7
2006 SS134	1.17	0.44	19.5
2009 DM45	1.17	0.37	26.7
2011 DU	1.17	0.32	3
2014 OJ392	1.17	0.29	35.4
2008 UV99	1.17	0.24	30.3
2015 FT118	1.17	0.19	21.1
-363344	1.17	0.2	26.8
2013 GA80	1.17	0.15	32.2
2011 SR5	1.18	0.71	29.1
-88254	1.18	0.63	1.5
2007 VM184	1.18	0.52	23.3
2007 DM41	1.18	0.53	2.3
2011 JA	1.18	0.29	41.6
2012 HD20	1.18	0.27	4.7
-216985	1.18	0.26	4.7
2013 QU1	1.18	0.25	35.2
2009 WM1	1.18	0.17	25.8
2011 CG2	1.18	0.16	2.8
2011 AM24	1.18	0.15	9.1
2013 JL22	1.19	0.59	3.1
2011 EL51	1.19	0.57	11
-152754	1.19	0.5	2
-416801	1.19	0.5	16.5
2004 JQ1	1.19	0.45	32.8
2011 UT20	1.19	0.44	6.6
2012 OQ	1.19	0.39	7.1
2010 JG	1.19	0.32	23.3
2004 KB	1.19	0.29	20.7
-348314	1.19	0.28	30.1
2010 CF19	1.19	0.27	7.2
2015 FS117	1.19	0.25	28.4
-451370	1.19	0.23	5.5
2007 XH16	1.19	0.23	27.4
(162173) Ryugu	1.19	0.19	5.9
-141851	1.2	0.85	19.2
2005 PJ2	1.2	0.66	17.4
2006 BE55	1.2	0.42	2.4
2012 HZ33	1.2	0.21	23.9
2012 VO76	1.2	0.22	36.9
2015 MW53	1.2	0.2	36.5
2013 US3	1.2	0.18	12.3
2002 QQ40	1.21	0.56	1.7
-162422	1.21	0.53	1.4
-363116	1.21	0.5	21.8
2014 PG51	1.21	0.45	3.8
2014 SM143	1.21	0.42	24.2
2009 FF19	1.21	0.41	0.6
(3361) Orpheus	1.21	0.32	2.7
-438661	1.21	0.29	17.7
2008 OX1	1.21	0.28	29.7
2013 JM7	1.21	0.27	5
2009 LW2	1.21	0.26	33.2
-162162	1.21	0.19	10.8
2015 HR11	1.21	0.17	31.2
-386454	1.22	0.91	5.4
2011 WN15	1.22	0.86	33.5
-22753	1.22	0.57	3.2
2015 TY237	1.22	0.5	5.7
2001 DF47	1.22	0.37	18.5
-163132	1.22	0.3	48.8
2015 RH2	1.22	0.27	5.4
2015 JD1	1.22	0.22	19.1
2014 WE365	1.23	0.5	7.2
-436774	1.23	0.49	21.4
2008 CS1	1.23	0.37	29.9
-163818	1.23	0.35	10.4
2011 UH20	1.23	0.34	35.8
-85236	1.23	0.31	12.8
2004 UU1	1.23	0.27	30
-90403	1.23	0.28	19
-450293	1.23	0.28	35.3
-217430	1.23	0.27	13
2010 FH81	1.23	0.21	16.8
-419472	1.23	0.2	23.8
2003 FG	1.24	0.72	15.7
2015 SY16	1.24	0.5	5.3
-279816	1.24	0.4	50.7
-439877	1.24	0.37	21.6
-162474	1.24	0.36	50.7
2014 VL6	1.24	0.33	6.1
2006 VW2	1.24	0.29	10
1994 UG	1.24	0.29	5.2
2012 KC6	1.24	0.25	11.3
2008 EM7	1.24	0.24	33.1
2009 EK1	1.24	0.23	9.1
-363305	1.24	0.22	3.5
-368565	1.25	0.6	18.3
-333521	1.25	0.37	12.5
2014 NB52	1.25	0.37	24.4
2009 JR5	1.25	0.35	3.9
(1620) Geographos	1.25	0.34	13.3
-10115	1.25	0.32	15.3
1998 FF14	1.25	0.31	38.7
-417816	1.25	0.27	16.3
-162567	1.25	0.25	13.7
2010 DJ56	1.25	0.25	34.8
2013 GY7	1.25	0.23	29.6
-162082	1.25	0.19	20
2008 SY148	1.25	0.19	28.7
2002 AS4	1.26	0.8	26.9
2008 CC6	1.26	0.77	9.1
2014 QC3	1.26	0.37	37.6
-434633	1.26	0.36	22.9
2005 TS15	1.26	0.35	34
2004 FU4	1.26	0.26	23.3
-424482	1.26	0.24	5.7
-443806	1.26	0.25	26.4
2003 QH5	1.26	0.22	17.6
-417949	1.26	0.2	38.3
-374158	1.27	0.93	23.8
(3200) Phaethon	1.27	0.89	22.2
-5693	1.27	0.59	5.1
-267337	1.27	0.51	19.4
-6037	1.27	0.5	3.5
-175729	1.27	0.42	11.5
2006 XD2	1.27	0.43	3.6
-297300	1.27	0.41	16.1
2007 PV27	1.27	0.37	24.6
-303450	1.27	0.33	7.3
2013 FX7	1.27	0.31	5.2
2010 KB61	1.27	0.23	44.6
2013 VO5	1.28	0.69	2
-331876	1.28	0.54	13.3
-357022	1.28	0.33	34.5
-275677	1.28	0.32	17.1
-451157	1.28	0.28	4
2008 VB1	1.28	0.28	10.3
2004 QX2	1.29	0.9	19
2010 XB24	1.29	0.44	5.5
2004 TP1	1.29	0.39	7.5
(2102) Tantalus	1.29	0.3	64
2011 BT15	1.29	0.3	1.7
2013 NJ	1.29	0.28	3.9
-375103	1.29	0.28	49.8
-371660	1.29	0.27	7.6
2011 JR13	1.3	0.73	24.7
2005 EA	1.3	0.64	14.1
-387668	1.3	0.43	22.9
-375054	1.3	0.42	25.6
-163026	1.3	0.37	11.9
-208115	1.3	0.35	23.3
(85585) Mjolnir	1.3	0.36	4.1
2014 WG365	1.3	0.33	25.1
2014 SR339	1.3	0.3	29.8
-382406	1.31	0.78	2.5
1999 VF22	1.31	0.74	3.9
2001 HB	1.31	0.69	9.3
2015 PM	1.31	0.63	7.5
1999 JZ10	1.31	0.47	25.9
2015 RE36	1.31	0.39	0.1
-445305	1.31	0.29	25.6
-390929	1.31	0.22	18.8
-162783	1.31	0.23	7.3
-420210	1.28	0.23	10.6
1999 JE1	1.32	0.7	20.9
2002 UK11	1.32	0.58	5.4
-67381	1.32	0.54	10.7
-410627	1.32	0.44	13.1
-349068	1.32	0.43	38.2
-162922	1.32	0.38	10.3
2010 AF30	1.32	0.37	3.1
2012 XD112	1.32	0.37	3.7
2016 AZ8	1.32	0.35	5.6
-414990	1.32	0.34	1.9
-68216	1.32	0.33	18
(25143) Itokawa	1.32	0.28	1.6
2000 CM33	1.32	0.27	11.6
2015 DP155	1.32	0.22	5.4
2005 PA5	1.32	0.23	15.3
2009 VQ44	1.33	0.72	29.6
2012 XA133	1.33	0.7	4.1
2008 AZ30	1.33	0.65	2.3
-454101	1.33	0.63	6.9
2005 OX	1.33	0.62	7.6
2000 KA	1.33	0.46	6.7
-454100	1.33	0.42	4.5
2015 XE352	1.33	0.39	2
2005 GD60	1.33	0.37	9.9
2008 XB1	1.33	0.37	12.7
-154019	1.33	0.36	5
-153002	1.34	0.8	31.5
-170903	1.34	0.6	8.3
-221980	1.34	0.4	21.6
-408792	1.34	0.38	9.6
2012 LR1	1.34	0.38	42.3
-163249	1.34	0.33	7
-13651	1.34	0.31	17.2
2015 CV13	1.34	0.29	13
2011 MU	1.35	0.66	7.3
-152685	1.35	0.57	0.1
-140158	1.35	0.46	2.5
-7482	1.35	0.33	33.5
2011 WL15	1.35	0.28	18.4
2014 NJ65	1.35	0.25	9.7
-363024	1.36	0.43	14
2007 TH1	1.36	0.42	20.1
2014 NG65	1.36	0.39	8.3
2011 EJ47	1.36	0.36	13.3
2001 SG286	1.36	0.35	7.8
-187040	1.36	0.32	6
-357594	1.36	0.28	27.3
-89136	1.36	0.25	1.9
-276033	1.37	0.92	15.5
-388188	1.37	0.78	11.8
-405212	1.37	0.73	5
-277570	1.37	0.62	4.1
2014 QX432	1.37	0.59	6.4
2013 RZ73	1.37	0.53	25.1
2009 WO106	1.37	0.39	17.3
-185851	1.37	0.38	8.7
-189040	1.37	0.38	13.1
-163364	1.37	0.37	4.2
2014 MK55	1.37	0.37	2.9
-361754	1.37	0.36	21.9
2008 HH	1.37	0.36	16.3
2014 GG17	1.37	0.35	39.2
2000 SL10	1.37	0.34	1.5
2013 EM20	1.37	0.32	8.4
-53789	1.37	0.27	40.8
-357028	1.38	0.61	9.2
2011 EG17	1.38	0.42	20.1
-264993	1.38	0.41	3.1
-332446	1.38	0.41	8.9
2004 CO49	1.38	0.39	4.3
-382758	1.38	0.32	4.7
-162510	1.38	0.3	38.2
-453729	1.38	0.28	20.4
2015 AR45	1.39	0.7	9.2
-302831	1.39	0.54	25.8
1998 SL36	1.39	0.42	19.2
2015 FC35	1.39	0.39	15.5
2001 LD	1.39	0.36	29.5
-65717	1.39	0.28	2.8
2011 SM68	1.4	0.66	19.2
1998 XD12	1.4	0.62	13.5
-317255	1.4	0.57	6.4
2005 WC1	1.4	0.49	20
-85774	1.4	0.33	13.6
-189865	1.41	0.81	21.6
2000 QV7	1.41	0.52	9.1
2014 YW34	1.41	0.43	6
-382825	1.41	0.39	30
2013 WR43	1.41	0.37	5.9
2009 VZ	1.41	0.33	12.3
-292220	1.41	0.31	2.5
-304330	1.41	0.31	21
-177049	1.42	0.61	0.6
2003 ED50	1.42	0.55	33.7
2004 PJ2	1.42	0.34	2.6
2015 BN311	1.42	0.32	16.8
2009 SN	1.42	0.32	26.2
-139622	1.42	0.31	9.3
2008 WN2	1.42	0.31	3.7
-144332	1.42	0.29	55.9
2003 AA3	1.42	0.29	13.8
2016 AH193	1.43	0.77	17.9
2000 DO1	1.43	0.68	3.5
2005 TU50	1.43	0.6	12.4
2005 LW3	1.43	0.46	6.1
-450263	1.43	0.41	16.7
-367789	1.43	0.39	3.7
2012 TF53	1.43	0.37	6.1
-65690	1.43	0.36	11.2
2006 UL217	1.43	0.35	9.9
2004 SW55	1.43	0.33	8.8
-450270	1.43	0.33	18.7
2009 ES	1.43	0.33	30.3
2014 AY28	1.43	0.28	5.7
(4450) Pan	1.44	0.59	5.5
2009 VW	1.44	0.56	7.2
-35396	1.44	0.48	4.1
2007 AV2	1.44	0.47	12.3
-152560	1.44	0.4	3.4
2014 UQ56	1.44	0.32	39.9
2016 AO164	1.44	0.3	10.5
-412983	1.44	0.29	5.8
-194268	1.45	0.79	5.4
2003 UV11	1.45	0.76	5.9
2004 XK50	1.45	0.69	38.2
-152680	1.45	0.64	10.9
1999 SG10	1.45	0.61	23.6
-152561	1.45	0.49	19.6
-401856	1.45	0.48	24.3
2003 CR1	1.45	0.46	12.7
-194006	1.45	0.42	4.3
-192563	1.45	0.41	24.8
2013 TR132	1.45	0.36	32
-173561	1.45	0.31	28
2009 DZ	1.45	0.3	14.1
2015 EO61	1.46	0.73	2
2009 HA21	1.46	0.73	6.4
-137108	1.46	0.56	39.9
2007 DL41	1.46	0.48	4.7
2004 VB	1.46	0.41	10.9
2012 BN11	1.46	0.39	4.4
-265196	1.46	0.38	15.2
2004 BV1	1.46	0.37	12.2
-230549	1.46	0.36	13.1
-446862	1.46	0.35	4.2
-418135	1.46	0.34	16
-171839	1.46	0.31	17.1
2009 DL46	1.46	0.31	7.9
2010 TH19	1.46	0.31	6.8
2013 AN20	1.46	0.3	23.1
2011 XA3	1.47	0.93	28
2013 KN6	1.47	0.85	23.6
(1862) Apollo	1.47	0.56	6.4
2011 CX46	1.47	0.55	7.8
-163373	1.47	0.55	1.7
2001 HZ7	1.47	0.5	5.4
-7753	1.47	0.48	3.1
2009 FF	1.47	0.47	1
2012 TP139	1.47	0.46	2.3
2001 PT9	1.47	0.45	7.2
-423709	1.47	0.4	13
2016 CU193	1.47	0.36	49.8
2008 YS27	1.47	0.32	4.9
2016 BD15	1.47	0.31	35.5
(37655) Illapa	1.48	0.75	18
1998 YM4	1.48	0.72	3.4
-228368	1.48	0.7	14.7
2010 TX168	1.48	0.52	26
-405762	1.48	0.45	5.8
-154330	1.48	0.41	7.2
-445974	1.48	0.36	3.7
2011 TC4	1.49	0.72	3.1
2008 ER7	1.49	0.62	2.2
-136849	1.49	0.58	7.8
-444584	1.49	0.54	4.7
-418094	1.49	0.44	38.3
-434677	1.49	0.37	68.4
2000 YF29	1.49	0.37	6.3
(4660) Nereus	1.49	0.36	1.4
2014 KP84	1.49	0.35	22.4
1994 CJ1	1.49	0.33	2.3
2009 KK	1.5	0.46	18.2
-434734	1.5	0.44	24.6
-53550	1.5	0.42	7.2
-357439	1.5	0.4	23.8
2010 TS149	1.5	0.39	3.4
-382745	1.5	0.33	2.3
-141527	1.51	0.63	9.2
2002 MR3	1.51	0.62	9.8
2013 QC11	1.51	0.62	2.1
-144898	1.51	0.59	4.2
2006 CU	1.51	0.45	3.8
-8566	1.51	0.43	38
-68346	1.51	0.42	16.7
2012 XF133	1.51	0.41	8
2009 VA26	1.51	0.38	38.9
2008 WZ94	1.52	0.77	6.5
2002 LX64	1.52	0.65	6
2007 FF1	1.52	0.48	8.3
2009 BE81	1.52	0.35	18.8
2010 XP69	1.52	0.34	14.6
2012 YY6	1.53	0.68	4
-216115	1.53	0.59	2.1
-141053	1.53	0.58	2.7
2009 AC16	1.53	0.54	18.4
2014 KZ45	1.53	0.41	13.8
2010 FQ	1.53	0.36	10.6
2008 TD2	1.53	0.33	4
-387505	1.54	0.87	2.3
-381906	1.54	0.65	7.3
-342866	1.54	0.6	3.4
1996 AW1	1.54	0.52	4.8
-360191	1.54	0.48	2.5
1999 FR19	1.54	0.48	20.8
-359170	1.54	0.47	11.9
2015 HV182	1.54	0.43	0.8
-448721	1.54	0.41	3.9
2010 EC46	1.54	0.4	49.3
2015 DV215	1.54	0.4	13.2
-12538	1.54	0.41	24.5
-330233	1.54	0.37	37.1
2013 ED28	1.55	0.67	4.9
2005 GU	1.55	0.61	25
2009 LQ	1.55	0.6	5.4
1998 HH49	1.55	0.5	8.4
-389694	1.55	0.49	19.1
-5189	1.55	0.48	3.6
2008 AX1	1.55	0.48	12.9
-26663	1.55	0.47	13.5
2014 YS34	1.55	0.39	6.9
2011 EO51	1.56	0.79	6.8
2015 UM67	1.56	0.69	6
-369057	1.56	0.61	4.3
2013 KZ1	1.56	0.51	29.2
2007 BD7	1.56	0.5	4.8
-20425	1.56	0.48	7
2016 CL32	1.56	0.47	12.3
2015 KJ57	1.56	0.4	2.6
2013 GH84	1.56	0.37	14.9
2015 UK52	1.56	0.37	21
2015 TM237	1.57	0.54	13.8
-395207	1.57	0.49	27.9
-155338	1.57	0.48	2.1
2005 OE3	1.57	0.43	25.4
-294739	1.57	0.41	36
-136618	1.57	0.39	1.4
-333578	1.57	0.38	11.7
-163683	1.58	0.69	20.6
2010 UT7	1.58	0.66	25.4
2007 YV56	1.58	0.62	6.2
-85640	1.58	0.49	4.5
-232691	1.58	0.47	9.1
1999 TO13	1.58	0.44	20.3
2015 BY310	1.58	0.4	4.9
2013 QK48	1.59	0.83	19
-363599	1.59	0.72	3.1
-41429	1.59	0.56	2.2
2011 GQ61	1.59	0.41	65.2
2015 XP129	1.59	0.39	20
-388945	1.59	0.39	8.8
2004 FW1	1.6	0.71	10.1
2015 WA2	1.6	0.63	14.6
2015 XK351	1.6	0.58	11.8
(2135) Aristaeus	1.6	0.5	23.1
-411165	1.6	0.5	20.1
2013 LG16	1.6	0.41	11.2
-417612	1.6	0.39	8.1
2008 UU1	1.61	0.75	12.1
2010 DO	1.61	0.75	11.9
1997 VG6	1.61	0.56	18.5
2014 EG45	1.61	0.5	25.5
-163697	1.61	0.47	3
2005 TR50	1.61	0.46	34.1
2013 NJ10	1.61	0.46	7
2014 GY48	1.61	0.42	39.6
2012 TS78	1.61	0.38	32.7
-4953	1.62	0.66	24.4
2015 TD323	1.62	0.63	48.9
-101869	1.62	0.61	4.8
-141614	1.62	0.54	7.2
-68372	1.62	0.42	8.1
-436724	1.62	0.38	4.6
2006 UQ17	1.62	0.38	1.7
2016 AC65	1.63	0.73	10.6
2008 SE85	1.63	0.53	29.6
2003 BR47	1.63	0.5	4.4
2013 BK18	1.63	0.49	28.9
2013 WT45	1.63	0.47	9.3
2008 YF	1.63	0.44	22
2011 OV18	1.63	0.44	16.9
2014 HN197	1.63	0.43	4.6
2004 RY109	1.63	0.43	26.1
2010 ON101	1.63	0.41	9.3
-311066	1.63	0.4	19.5
-89958	1.64	0.89	10
2006 DU62	1.64	0.74	16.5
2003 TR9	1.64	0.7	13.5
2011 YV62	1.64	0.6	7.8
-301844	1.64	0.53	0.9
(5011) Ptah	1.64	0.5	7.4
2009 HV2	1.64	0.5	6.7
2012 KU12	1.64	0.49	8.6
2012 GV17	1.64	0.46	11
-136617	1.64	0.42	4.7
(65803) Didymos	1.64	0.38	3.4
-434188	1.65	0.76	23.4
-199145	1.65	0.73	3.8
2007 UR51	1.65	0.69	7.3
2015 FN118	1.65	0.54	27.7
2011 EO40	1.65	0.54	3.4
2014 XL7	1.65	0.53	7.5
2002 CY9	1.65	0.51	42
-373135	1.65	0.5	4.4
2008 UE7	1.65	0.45	4
-357024	1.65	0.4	3.7
(69230) Hermes	1.66	0.62	6.1
2005 SQ	1.66	0.57	1.2
2012 TY52	1.66	0.55	9.6
-164400	1.66	0.47	6.6
2013 MY5	1.66	0.45	3
2011 OR15	1.66	0.44	5
2008 WK61	1.66	0.42	17.2
2013 NF19	1.67	0.7	27.3
-251722	1.67	0.66	3.2
2004 RY10	1.67	0.62	15.5
-279744	1.67	0.61	4.7
-216258	1.67	0.49	2.6
-164211	1.67	0.42	2.3
-442523	1.67	0.42	6.7
-363734	1.68	0.78	3.3
1999 RM45	1.68	0.64	10.9
2001 SY269	1.68	0.6	1.9
-199801	1.68	0.57	2.3
-162000	1.68	0.46	1.1
-440212	1.68	0.43	3.4
2007 LF	1.68	0.42	7
2015 NJ3	1.69	0.67	12.3
2007 VZ137	1.69	0.58	5.2
2013 ER89	1.69	0.54	27
-386847	1.69	0.46	5.8
-452302	1.7	0.83	3.6
-231937	1.7	0.83	38.9
-154276	1.7	0.69	8.7
2000 BO28	1.7	0.6	6.3
2009 TK12	1.7	0.58	3.8
2002 AC9	1.7	0.56	2.3
2013 UX	1.7	0.56	5.4
2005 YS8	1.7	0.53	17.4
2010 VG1	1.7	0.53	12.4
2008 KE6	1.7	0.52	3.4
2010 TV149	1.7	0.52	9.8
2013 BO76	1.7	0.52	1.9
-29075	1.7	0.51	12.2
-90416	1.7	0.49	7.8
-153958	1.7	0.45	4.6
2001 JV1	1.7	0.44	6.6
2006 GC1	1.71	0.82	6
-385605	1.71	0.57	8.9
-447755	1.71	0.53	4.2
2014 HK129	1.71	0.49	6.7
2006 HC2	1.71	0.49	3.7
2009 EO2	1.71	0.48	11.5
-153814	1.71	0.47	1.9
2016 BR80	1.71	0.45	12.1
-68548	1.71	0.44	22.7
2009 AE16	1.72	0.73	45.6
2013 JN7	1.72	0.64	2.3
2007 DY40	1.72	0.59	5.9
-154302	1.72	0.56	28.8
2010 JV34	1.72	0.54	7.2
2011 SO32	1.72	0.48	9.9
-451003	1.72	0.46	6.5
2015 KB19	1.72	0.43	7
-448003	1.72	0.41	14.8
2011 CT4	1.73	0.72	2.7
2007 RF2	1.73	0.66	6.1
2008 WQ63	1.73	0.61	0.9
2007 VK184	1.73	0.57	1.2
2009 EV	1.73	0.52	17
2013 VY13	1.73	0.52	5.5
2009 JR	1.73	0.49	8.4
-417211	1.73	0.49	10.9
2002 EY2	1.73	0.49	21.7
2008 EL6	1.73	0.48	13.1
2015 GS	1.73	0.48	11.9
-378358	1.73	0.44	16.5
2012 QE50	1.73	0.44	11.9
-89959	1.74	0.53	42.3
2010 XC25	1.74	0.53	3
2011 WO4	1.74	0.5	60.9
1997 WQ23	1.74	0.5	2.4
2013 XW3	1.74	0.48	4.6
-27002	1.74	0.43	8.7
2010 VT11	1.75	0.61	2.5
2005 CJ	1.75	0.53	1.1
-136795	1.75	0.48	11
-8014	1.75	0.46	1.9
-415745	1.75	0.46	10.6
2015 BK515	1.75	0.45	5.3
-111253	1.75	0.44	42
2006 WJ3	1.75	0.42	15.4
-86039	1.76	0.58	7.1
2010 MU112	1.76	0.54	48
-452376	1.76	0.49	16.5
-244977	1.76	0.44	15.7
-443880	1.76	0.43	12.7
2015 UR51	1.76	0.42	19.3
-162825	1.77	0.74	9.1
2001 TA2	1.77	0.65	3.3
2000 CP101	1.77	0.62	10.5
-137126	1.77	0.6	5.5
2012 PS4	1.77	0.59	3.9
2005 GJ8	1.77	0.55	3.4
-7335	1.77	0.48	15.2
(3122) Florence	1.77	0.42	22.2
2007 KG7	1.78	0.87	4.7
2015 DC200	1.78	0.87	3.1
2010 LK34	1.78	0.8	5.3
(1981) Midas	1.78	0.65	39.8
2002 CD14	1.78	0.58	2.9
-140288	1.78	0.51	53.2
2015 FV284	1.78	0.49	8.8
2016 AL8	1.78	0.43	7.9
1998 QP	1.79	0.58	9.4
2013 GR38	1.79	0.56	4.6
2009 UQ	1.79	0.53	14.5
2006 KN89	1.79	0.53	5.8
2015 KH157	1.79	0.53	21.6
2007 FE	1.79	0.46	7
-163014	1.79	0.45	9.9
-206378	1.79	0.44	6.7
-363084	1.79	0.43	9.3
2014 AF51	1.79	0.43	2.8
-162039	1.8	0.66	5.3
2011 GA	1.8	0.59	9.8
2014 DM22	1.8	0.56	42.1
2012 CA55	1.8	0.48	8.6
2007 GQ3	1.8	0.45	10.2
2011 PS	1.81	0.51	3.7
2011 KQ12	1.81	0.5	19.3
2004 HC39	1.81	0.5	14.7
2015 FS332	1.81	0.48	35.1
-366774	1.81	0.45	13.2
1999 XL136	1.82	0.65	8.9
2002 VR85	1.82	0.6	6
2015 GZ13	1.82	0.6	33.5
2003 AY2	1.82	0.56	10.3
-140039	1.82	0.57	4.9
2012 TV78	1.82	0.55	7.5
2005 UT64	1.82	0.52	10.5
2010 YB	1.82	0.49	3.6
2012 MJ6	1.82	0.49	9.2
-242643	1.83	0.86	8.5
2004 LY5	1.83	0.78	16
2015 NU13	1.83	0.59	4.2
2012 YO1	1.83	0.49	17.5
2011 BO59	1.83	0.46	4.8
2002 BM26	1.83	0.44	16.2
(3757) Anagolay	1.83	0.45	3.9
2014 MJ6	1.84	0.64	4.5
-103067	1.84	0.58	38.5
2007 LE	1.84	0.52	29.5
2014 WV363	1.84	0.52	5.5
-358744	1.84	0.51	3.9
-7341	1.84	0.51	5.4
-451297	1.84	0.49	30.8
2014 QO296	1.84	0.47	10.9
2008 KZ5	1.84	0.45	8.4
2009 BJ58	1.85	0.71	13
2009 DH39	1.85	0.6	53.7
-196625	1.85	0.59	13.7
-23187	1.85	0.59	51.3
2015 HB10	1.85	0.57	5.7
-438908	1.85	0.54	0.4
2011 AM12	1.85	0.54	38.5
2008 HB38	1.85	0.49	1
2014 DN112	1.85	0.49	4.3
-85938	1.85	0.48	9.1
-162416	1.85	0.48	0.4
-197588	1.85	0.47	42.7
-423321	1.85	0.45	2.4
2001 GR2	1.86	0.62	11.8
2010 SC41	1.86	0.61	0.2
2015 YY9	1.86	0.56	8.3
-179806	1.86	0.53	4.9
2002 DO3	1.86	0.5	3.8
2006 GY2	1.86	0.5	30.6
2008 QS11	1.86	0.48	12.5
1989 UP	1.86	0.47	3.9
1989 VB	1.86	0.46	2.1
-139211	1.86	0.45	26.1
(2101) Adonis	1.87	0.76	1.3
-416591	1.87	0.73	11
2007 TR24	1.87	0.67	3.6
2014 CM13	1.87	0.66	9.6
-358471	1.87	0.6	5.8
-99248	1.87	0.51	10.6
-154269	1.87	0.49	14.4
2003 RB5	1.87	0.47	44.5
2015 KO120	1.88	0.93	2.2
2014 QO390	1.88	0.88	25.7
-417871	1.88	0.7	47.7
-152770	1.88	0.65	7.1
-162687	1.88	0.54	14.8
2015 FF35	1.88	0.52	8.8
2016 AA10	1.88	0.51	12.7
2014 YB35	1.88	0.48	12.6
2013 OD4	1.89	0.78	12.2
2008 PK3	1.89	0.6	17.1
2013 AN60	1.89	0.58	6.9
2008 MP1	1.89	0.57	3.8
-177614	1.89	0.52	5.4
2014 GE35	1.89	0.52	19.2
2013 JM14	1.89	0.51	8.1
2014 BW2	1.89	0.48	16.5
2004 VC17	1.9	0.81	20.4
-434096	1.9	0.77	13.8
2006 PY17	1.9	0.64	2.8
2006 BX39	1.9	0.64	14.3
-220839	1.9	0.6	3.7
2005 KJ10	1.9	0.58	8.2
-137120	1.9	0.55	9
-363790	1.9	0.55	8.3
1999 UR	1.9	0.5	3.6
-438105	1.91	0.82	1.6
2010 LZ63	1.91	0.76	13.9
2008 OS7	1.91	0.64	7
-170086	1.91	0.63	2.1
-311044	1.91	0.62	55.9
-37638	1.91	0.52	5.1
-453778	1.91	0.46	6.7
2011 BM45	1.92	0.8	5.4
-85713	1.92	0.64	10.8
2007 RU9	1.92	0.63	5.6
-267729	1.92	0.61	5.8
2002 FQ5	1.92	0.59	7.6
2002 NE71	1.92	0.58	7.2
2007 ED125	1.92	0.58	3.8
-409836	1.92	0.57	6.4
-162116	1.92	0.56	7.1
-406213	1.92	0.55	1.5
-53426	1.92	0.54	22.8
2004 MD	1.92	0.54	9.8
2015 DU180	1.93	0.92	4.8
2007 PR25	1.93	0.84	3.5
2013 FA8	1.93	0.67	3.1
1991 GO	1.93	0.65	9.6
-377732	1.93	0.62	23.6
2000 UG11	1.93	0.57	8.9
2003 SS84	1.93	0.57	5.5
2005 DD	1.93	0.57	7.3
2001 VJ5	1.93	0.56	6.1
2009 QL8	1.93	0.54	4.2
2001 FE90	1.93	0.49	8.8
-162998	1.93	0.47	1.7
2011 KU15	1.94	0.87	4.4
2005 QZ151	1.94	0.58	4.9
2012 BS23	1.94	0.58	5.4
2007 RV9	1.94	0.57	6.4
2003 WH166	1.94	0.56	0.7
2009 KN4	1.94	0.52	9.2
2014 QK434	1.94	0.5	6
2003 VE1	1.94	0.49	16.3
-428209	1.94	0.49	12.3
-430804	1.95	0.76	12.4
2013 QR1	1.95	0.74	45.6
2001 YV3	1.95	0.72	5.2
2007 VT6	1.95	0.64	7.4
2010 US7	1.95	0.64	55.1
2005 GH81	1.95	0.55	11.7
2006 RK1	1.95	0.52	9.6
2006 VD13	1.95	0.48	11.7
2007 VG	1.96	0.66	51.1
-337558	1.96	0.58	4.8
2012 SD22	1.96	0.57	7.9
-377097	1.96	0.56	3.9
2014 PS59	1.96	0.55	14.1
-387746	1.96	0.51	3.9
(12923) Zephyr	1.96	0.49	5.3
2006 CY10	1.96	0.49	6.8
2014 HE124	1.97	0.85	18.8
2007 UL12	1.97	0.81	4.2
-143404	1.97	0.61	2.7
2005 EO33	1.97	0.57	4.6
-143992	1.97	0.55	27.2
2016 CS29	1.97	0.55	14
2012 UR138	1.97	0.54	7.8
2012 VO6	1.97	0.53	3.6
2002 QW47	1.97	0.52	4.2
2010 WZ8	1.97	0.5	3.7
2013 GF69	1.97	0.5	10
(4183) Cuno	1.98	0.63	6.7
2012 BJ86	1.98	0.64	1.3
2008 DJ	1.98	0.6	5.1
2012 BT23	1.98	0.6	9.1
-337075	1.98	0.59	9.6
1998 WB2	1.98	0.59	2.4
2009 HV58	1.98	0.58	47
2009 DR3	1.98	0.56	4.1
-363831	1.98	0.53	6.4
2015 XU378	1.98	0.49	23.8
2012 AA11	1.98	0.48	6.4
2005 CL	1.99	0.75	4.4
-344076	1.99	0.75	6.6
2005 BG14	1.99	0.73	21.7
2005 LW39	1.99	0.72	28.5
2012 PP28	1.99	0.61	5.6
2013 WF108	1.99	0.57	23.4
2012 YQ1	1.99	0.56	5.2
2011 EL11	2	0.69	3.9
2015 CX12	2	0.61	5.8
-269690	2	0.6	3.6
2012 HJ1	2	0.61	31.3
-422699	2	0.59	7.7
-441641	2	0.56	8.2
-450142	2	0.54	1.8
-141593	2	0.53	2.4
-86819	2	0.51	10.1
2012 XO111	2	0.5	4.3
2015 NZ13	2.01	0.78	6.6
2016 CA136	2.01	0.78	1.2
2009 CS	2.01	0.6	3.2
2009 SW17	2.01	0.6	8.4
2005 WA1	2.01	0.59	10.9
2013 GS66	2.01	0.58	2.4
-369264	2.01	0.57	52.4
2005 VO5	2.01	0.56	14.3
2016 BT39	2.01	0.55	9
-251346	2.01	0.53	8.2
-435548	2.01	0.53	7.2
2012 FO62	2.01	0.52	4
2012 XY6	2.01	0.49	7.8
2011 DY4	2.02	0.77	6.1
-221455	2.02	0.66	0.9
-53429	2.02	0.64	26.8
1998 BY7	2.02	0.61	3.3
2002 VP69	2.02	0.53	10.2
2006 KD40	2.02	0.51	21.1
2015 WG9	2.03	0.69	34.4
2006 HD2	2.03	0.6	4
2015 BZ310	2.03	0.55	4.1
2006 PA1	2.03	0.55	2.4
2007 RU17	2.04	0.83	9.1
2005 UW6	2.04	0.74	0.9
2004 GE2	2.04	0.71	2.2
1994 NE	2.04	0.6	27.5
-163067	2.04	0.59	7.6
-162979	2.04	0.54	17.1
2007 TU24	2.04	0.53	5.6
-399774	2.04	0.52	12.7
2015 RR150	2.04	0.5	42.2
2013 ND24	2.05	0.74	3.6
2002 NY40	2.05	0.71	5.9
2005 GY8	2.05	0.67	2.8
2005 NE7	2.05	0.65	9.5
2007 XY9	2.05	0.62	3.3
2014 JS54	2.06	0.89	3.3
2010 EW45	2.06	0.67	2.1
2015 DE198	2.06	0.58	12.2
2000 JF5	2.06	0.56	13.7
2013 BW76	2.06	0.53	40.3
2005 RC34	2.06	0.51	10.8
2012 MU2	2.06	0.51	11.2
2014 JO25	2.07	0.89	25.2
2002 HP11	2.07	0.76	5.1
1998 QA62	2.07	0.75	24.9
2014 UR116	2.07	0.73	6.6
-162183	2.07	0.53	1.4
2014 MV67	2.07	0.52	3.5
2010 DM	2.08	0.84	5.1
2013 CT82	2.08	0.63	1.8
-290772	2.08	0.59	4.5
-89830	2.08	0.51	43.7
2014 QL433	2.09	0.72	4.4
-352102	2.09	0.66	42
-207398	2.09	0.64	2.6
-418416	2.09	0.62	4.7
1997 GD32	2.09	0.6	5.3
2010 DG77	2.09	0.54	14.8
2002 EV11	2.1	0.89	11.8
2015 TB145	2.1	0.86	39.7
2015 TL178	2.1	0.69	6.7
2012 KN11	2.1	0.66	5.4
-138727	2.1	0.61	11.9
2008 AH33	2.1	0.55	36.8
2010 GA24	2.1	0.55	7.7
-356991	2.1	0.53	8.2
-382395	2.11	0.76	11.6
2010 JE88	2.11	0.76	10.8
2008 OO	2.11	0.7	5.5
2002 GM5	2.11	0.69	7.3
2002 AZ1	2.11	0.66	8.1
2004 QB	2.11	0.65	11
2012 MM11	2.11	0.65	3.2
-250620	2.11	0.6	16.1
2009 QS	2.11	0.59	8.2
-196068	2.12	0.66	59.4
2012 OP4	2.12	0.66	20.7
-415029	2.12	0.65	34.8
2004 GB2	2.12	0.65	12.4
-162695	2.12	0.64	2.2
1999 GL4	2.12	0.6	7.3
-184266	2.12	0.6	3.9
2015 FP118	2.12	0.55	2.7
2005 FE3	2.12	0.53	13.1
2014 SS1	2.12	0.52	1.5
-143487	2.13	0.73	5
2014 XJ3	2.13	0.73	1.2
2006 CM10	2.13	0.7	18.3
2010 WV8	2.13	0.67	8.4
-314212	2.13	0.65	6.5
2004 HF12	2.13	0.65	13.4
2014 YY8	2.13	0.6	20
-90075	2.13	0.58	8.9
2014 SV141	2.13	0.52	7.8
2007 PF28	2.14	0.8	5.9
2003 GG21	2.14	0.71	10.1
2012 MZ6	2.14	0.71	1.4
-31669	2.14	0.58	9.5
2008 FW5	2.14	0.55	13.5
2007 HE15	2.14	0.54	9.5
-143651	2.14	0.52	11.6
2015 OC22	2.15	0.9	11.6
2014 WK368	2.15	0.71	14.3
-359369	2.15	0.7	3.4
2014 CU13	2.15	0.67	5.9
2007 XD10	2.15	0.67	18.5
1994 EK	2.15	0.64	6
2012 BM86	2.15	0.63	11.4
2011 CY46	2.15	0.61	11.6
2013 TT135	2.15	0.6	6.5
2003 AC23	2.15	0.58	2
-164216	2.15	0.57	19.9
2012 FG58	2.15	0.55	13.5
1999 TT16	2.16	0.67	2
2010 RA147	2.16	0.66	5.8
2003 GP51	2.16	0.6	2.9
2004 RF84	2.16	0.6	23.3
2014 DS22	2.16	0.58	5
1998 WZ1	2.16	0.56	4.3
-168318	2.16	0.54	6.5
(2201) Oljato	2.17	0.71	2.5
2004 UR1	2.17	0.62	4.1
2008 XN	2.17	0.59	5.3
2010 KR10	2.17	0.59	1
2004 FY31	2.17	0.56	11.2
2014 HV177	2.17	0.55	4.6
2012 HG31	2.17	0.53	10.2
2007 BJ29	2.18	0.83	11.1
2009 XT6	2.18	0.77	5.7
2014 MC68	2.18	0.73	2.6
2012 FR1	2.18	0.71	13.3
2010 UK8	2.18	0.7	1.9
2007 JH22	2.18	0.61	5.6
2010 GU21	2.18	0.56	3.2
2010 EF44	2.19	0.89	38.2
1999 VR6	2.19	0.76	8.5
-437905	2.19	0.67	8.9
2008 UZ94	2.19	0.57	30.2
-16960	2.2	0.86	17.6
2014 OX299	2.2	0.86	6.4
2014 NK52	2.2	0.84	2.5
2010 TU149	2.2	0.83	2
2008 VL14	2.2	0.82	1.9
-430544	2.2	0.81	3.4
2014 CD13	2.2	0.76	6.9
2007 JY2	2.2	0.69	1.6
2009 KD3	2.2	0.68	8
(4486) Mithra	2.2	0.66	3
2012 AD3	2.2	0.6	5.2
2011 VU5	2.2	0.56	30.5
2008 XQ2	2.2	0.55	14.5
(3671) Dionysus	2.2	0.54	13.5
2009 CC3	2.2	0.54	11.4
2008 ON13	2.21	0.82	5.9
2009 SB	2.21	0.8	5.5
2014 BX2	2.21	0.76	2.2
2008 OP8	2.21	0.68	5.2
2009 RZ3	2.21	0.68	52.7
2013 JR28	2.21	0.65	6.6
2014 WZ120	2.21	0.64	20.9
2015 TE323	2.21	0.6	9.5
2009 DS10	2.21	0.59	7.5
2007 DT103	2.21	0.58	5.5
2014 OT111	2.21	0.55	8.4
2010 RF181	2.21	0.55	6.2
2015 BX516	2.21	0.54	10
2011 KE	2.22	0.95	5.9
2015 PM307	2.22	0.86	8.1
-85182	2.22	0.78	3.1
2000 EU70	2.22	0.76	13.1
2008 AK33	2.22	0.72	34.1
1979 XB	2.22	0.71	24.6
2001 TC45	2.22	0.64	15.6
-450894	2.22	0.59	8.1
2007 XN	2.22	0.57	24.7
2004 TG10	2.23	0.86	4.2
2007 VW137	2.23	0.74	5.9
2010 JK33	2.23	0.61	4
2012 UZ33	2.23	0.58	3.4
2003 BB21	2.23	0.55	4.8
-242216	2.23	0.54	39.6
2012 UR158	2.24	0.86	3.2
-446791	2.24	0.7	7.3
-9856	2.24	0.63	9.8
2011 GN44	2.24	0.6	55
(314082) Dryope	2.24	0.57	16.1
2015 VE1	2.24	0.57	1.9
2005 AV27	2.25	0.65	5.9
2003 OC3	2.25	0.6	13.1
2007 VN3	2.25	0.58	15.5
2015 XK261	2.25	0.58	8.1
2004 FJ11	2.25	0.56	2.4
2015 NK13	2.25	0.56	8.1
2015 FE120	2.25	0.55	22.8
2014 SM260	2.26	0.88	7.8
2005 UR	2.26	0.88	7
2015 QO3	2.26	0.85	9.9
2013 LN31	2.26	0.8	23.2
2003 WP21	2.26	0.78	4.3
2014 WD7	2.26	0.75	2.3
2001 FA58	2.26	0.72	8.2
2012 MS4	2.26	0.72	67.7
2014 TN17	2.26	0.7	16.2
2007 VP243	2.26	0.58	5.6
2013 WT44	2.26	0.57	12.2
2007 XJ16	2.26	0.56	6.3
2011 BY18	2.27	0.78	3.6
2013 LM31	2.27	0.65	1.7
2008 FW6	2.27	0.63	6.5
1994 RC	2.27	0.6	4.8
-159857	2.27	0.59	23
-163051	2.27	0.57	9.3
2008 RV	2.27	0.56	2.3
2002 KJ4	2.27	0.56	27.9
2015 TX24	2.28	0.87	6.1
2015 PU228	2.28	0.79	9.4
1997 GL3	2.28	0.78	6.7
2013 RH74	2.28	0.59	5.5
2005 TP	2.28	0.59	7.9
2006 CF	2.29	0.68	4.7
-253841	2.29	0.64	8.1
2010 UG7	2.3	0.78	16.2
2013 EO126	2.3	0.78	3
-205744	2.3	0.75	11.9
2007 AB12	2.3	0.72	7.8
-162210	2.3	0.7	5.2
2006 KY86	2.3	0.65	7.4
2002 EL6	2.3	0.58	9.5
2005 WD	2.3	0.56	26.1
2012 VK6	2.31	0.7	1.8
-385343	2.31	0.6	29.5
2014 KP4	2.32	0.82	9.3
-289315	2.32	0.63	4.9
2000 PY5	2.32	0.6	3.8
2000 CO33	2.32	0.57	18.3
2015 TK178	2.32	0.57	11.4
2004 HD2	2.33	0.83	15.4
2006 LD1	2.33	0.7	5.9
2008 CH	2.33	0.69	22.1
2013 BD18	2.33	0.66	17.4
1998 QK28	2.33	0.58	7.9
2014 KB91	2.33	0.58	4.9
2009 UN3	2.33	0.58	37.4
2007 CS26	2.33	0.57	22
2001 VB	2.34	0.89	8.6
2011 EF17	2.34	0.74	4.2
2005 JU1	2.34	0.69	6.1
2001 KF54	2.34	0.65	1.6
2003 TK2	2.34	0.65	4.3
2012 VL6	2.34	0.57	8.8
2003 YH136	2.35	0.89	16.7
2001 YB5	2.35	0.87	5.6
1994 XD	2.35	0.73	4.3
2002 EU11	2.35	0.68	2.9
2010 TP55	2.35	0.67	3.3
2016 BE1	2.35	0.61	7.5
2009 OF	2.35	0.6	9.4
2004 RW10	2.35	0.59	3.1
2013 TE135	2.36	0.76	6
2016 BV14	2.36	0.71	7.7
2008 CB22	2.36	0.66	7.3
2009 ST19	2.36	0.59	6.7
2015 BL311	2.37	0.84	1.5
2008 XM1	2.37	0.78	5
2010 KQ10	2.37	0.67	6.7
2001 SZ269	2.37	0.66	2.5
2008 SR1	2.37	0.65	16.9
2013 GZ73	2.37	0.62	7.3
2005 OD3	2.37	0.6	16.2
2015 TR178	2.38	0.69	10.5
2010 FF10	2.38	0.63	5.1
2007 LU19	2.38	0.62	2.6
2009 FU4	2.38	0.62	12.9
2010 JN71	2.38	0.59	17.7
2012 VC82	2.38	0.58	10.9
2008 SJ82	2.38	0.58	9.7
-52768	2.38	0.57	5.9
1999 XK136	2.39	0.7	2.7
2003 EG16	2.39	0.69	20.4
2014 NE52	2.39	0.66	3.8
-374851	2.39	0.61	23.7
2010 TP54	2.39	0.6	3.5
2006 OC5	2.4	0.65	4.7
2013 EV108	2.4	0.63	8.4
2001 GT2	2.4	0.63	3.7
2009 KK8	2.4	0.59	2.3
2011 KO17	2.4	0.58	4
2011 AT26	2.41	0.7	1.7
2013 YP139	2.41	0.68	0.8
-267131	2.41	0.66	15.6
-52760	2.41	0.62	2.4
2015 TK238	2.41	0.61	3.7
2011 BT59	2.42	0.94	3.6
2007 AC2	2.42	0.74	9.5
2004 XN29	2.42	0.71	2.4
2014 PW59	2.42	0.69	2.3
2011 UE305	2.42	0.67	4.8
2015 TV144	2.42	0.65	13
-180186	2.42	0.63	8.6
-430440	2.42	0.59	18.7
-297274	2.43	0.79	2
-186844	2.43	0.67	7.8
2016 CW137	2.43	0.66	37.8
2003 NW1	2.43	0.64	6.1
2008 XA2	2.43	0.62	3
-159504	2.43	0.62	9.7
2003 TO9	2.43	0.6	3.1
2012 LK11	2.43	0.59	5.1
2013 TV135	2.43	0.59	6.8
2013 LF7	2.43	0.59	5.4
2012 TO139	2.44	0.89	5.4
2003 WG	2.44	0.78	27.2
2012 YO3	2.44	0.67	3.6
2008 JW2	2.44	0.64	8.9
2014 MF6	2.44	0.62	4.3
2008 SH82	2.44	0.59	4.6
2015 DH155	2.45	0.7	12.5
2010 UQ7	2.45	0.68	4.5
-137427	2.45	0.61	39.2
2010 VZ	2.45	0.59	8.5
2009 DZ42	2.45	0.58	13.1
2011 WR46	2.46	0.89	4.9
2012 HG8	2.46	0.73	25.6
2014 JV55	2.46	0.69	41.4
2012 SW20	2.46	0.68	10.2
2015 JV	2.46	0.67	7.2
2002 AV	2.46	0.66	2.8
2012 VF37	2.46	0.65	4.9
2011 TK	2.46	0.65	7.8
-243566	2.46	0.64	19.9
2006 RZ	2.46	0.64	9
2006 AR3	2.46	0.64	4.8
-417634	2.46	0.59	20.4
1999 YD	2.46	0.59	1.4
2013 EW27	2.46	0.59	24.2
2006 UF17	2.47	0.81	3.7
2001 FB90	2.47	0.78	1.9
2009 WJ1	2.47	0.67	0.6
2015 RP82	2.47	0.62	24.8
2006 WT1	2.47	0.6	13.7
2016 CC30	2.47	0.59	35.6
2004 DM44	2.48	0.71	10.5
2005 WY55	2.49	0.72	7.3
2014 KT76	2.49	0.7	4.4
2003 YD45	2.49	0.7	8.4
2009 AL	2.49	0.66	3.9
(6489) Golevka	2.49	0.61	2.3
-368203	2.49	0.61	12.2
2012 FZ23	2.49	0.61	75.4
2013 YC	2.5	0.94	2.8
-429584	2.5	0.7	2.6
-242708	2.5	0.7	0.8
-153311	2.5	0.64	28.4
2001 YP3	2.5	0.62	7.9
-6491	2.5	0.59	5.9
2010 MF1	2.5	0.59	9.1
-399457	2.51	0.96	26.1
2002 MX	2.51	0.8	2
-152664	2.51	0.72	3.5
2011 PO1	2.51	0.64	5.7
2016 CB194	2.51	0.64	9.8
2012 LK9	2.51	0.62	10.1
2010 XC11	2.52	0.85	9.1
2012 BU61	2.52	0.78	5.3
-153220	2.52	0.68	5.9
2002 LX	2.52	0.67	3.2
2015 XW377	2.52	0.6	12.8
2015 DG200	2.53	0.72	10.6
1998 HT31	2.53	0.7	6.8
(4179) Toutatis	2.53	0.63	0.4
2009 FE	2.53	0.61	1.9
2003 SK84	2.54	0.74	8.9
2016 CW193	2.54	0.67	6.6
2013 UP8	2.54	0.62	47.8
(217628) Lugh	2.55	0.7	4
-419880	2.55	0.67	9.7
2008 PJ9	2.55	0.66	4.8
2004 RZ164	2.55	0.61	13.9
2006 ON1	2.55	0.61	3.5
2005 YU3	2.56	0.84	3.1
2013 WR67	2.56	0.72	5
1996 JA1	2.56	0.7	21.6
2002 PE130	2.56	0.62	15.6
2013 LE16	2.56	0.61	32.8
-247360	2.57	0.84	19.1
2012 XJ134	2.57	0.74	2.5
-206910	2.57	0.72	5
2009 XV	2.57	0.68	3.3
2008 RM98	2.57	0.64	1.9
2006 VT13	2.57	0.63	2.2
2006 HT30	2.57	0.62	1.6
2015 FJ	2.58	0.78	8.3
2001 EC	2.58	0.77	0.6
2014 OM339	2.58	0.64	3.4
2012 NN	2.58	0.63	4.6
2014 OY1	2.58	0.62	23
2003 CG11	2.59	0.73	21.3
-172678	2.59	0.69	2.7
2000 LF3	2.59	0.66	14.7
2013 PX6	2.59	0.65	13.7
2015 OL35	2.59	0.64	4.5
2015 RA36	2.6	0.64	34.5
-435159	2.6	0.63	17.1
2009 BD81	2.6	0.63	12.3
-422787	2.6	0.61	13.2
2006 HQ30	2.6	0.61	12
2002 SQ41	2.61	0.8	25.1
1983 LC	2.61	0.71	1.5
2015 PR228	2.61	0.68	7.2
2012 FQ1	2.61	0.62	5.2
2008 SV11	2.62	0.72	8.3
2011 YH28	2.62	0.71	8.6
2004 UE	2.62	0.65	15.1
2011 DS9	2.62	0.64	3.7
2011 LJ19	2.62	0.62	1.5
2011 BE38	2.63	0.71	8.2
1998 US18	2.63	0.68	9.7
2015 BW310	2.63	0.64	10
2003 WC158	2.63	0.63	9
2015 XB130	2.63	0.62	12.5
-436671	2.63	0.61	13.4
-192642	2.64	0.77	6.8
2014 EQ12	2.64	0.74	11
2003 YP1	2.64	0.65	7.4
2014 KV86	2.64	0.64	25.6
(4015) Wilson-Harrington	2.64	0.62	2.8
2015 KL157	2.64	0.62	35.5
-139359	2.65	0.87	5.8
2014 CY4	2.65	0.82	15
2006 QJ65	2.65	0.68	5.1
2012 CA21	2.65	0.66	28.9
-100085	2.65	0.62	2.8
2005 FN4	2.66	0.76	29.3
2010 JL33	2.66	0.74	5.3
2009 KE3	2.66	0.71	5.8
2015 AK280	2.66	0.7	11.4
2004 TL10	2.66	0.66	9.3
2001 GL2	2.66	0.65	34.8
2011 XM1	2.67	0.66	11.1
2013 SW24	2.67	0.65	6.2
2013 XN24	2.67	0.63	14
2015 LK24	2.67	0.62	14.4
2001 HA4	2.68	0.8	17.2
2013 GG69	2.68	0.68	9.1
2000 QS7	2.68	0.66	3.2
2010 FC81	2.68	0.62	1.7
2009 ST103	2.69	0.72	15.9
-329614	2.69	0.68	5.4
2005 FH	2.69	0.66	34.9
2010 GS7	2.69	0.66	9.1
2007 SR11	2.69	0.65	1.5
2015 FL	2.69	0.65	15.7
-374038	2.69	0.64	0.8
2009 OG	2.7	0.86	48.4
2009 RV1	2.7	0.64	1.9
2010 GT7	2.71	0.68	9.3
2006 KK21	2.72	0.87	12.4
-267494	2.72	0.78	46.8
2004 MP7	2.72	0.72	17.6
2015 HY116	2.72	0.69	14.1
2014 YL14	2.73	0.77	5.8
1998 SH2	2.73	0.71	2.4
-53319	2.73	0.64	13.9
2015 DN215	2.74	0.75	10.4
2003 BK47	2.74	0.71	20.7
2004 TN1	2.74	0.7	8.4
2002 JZ8	2.74	0.65	9.8
2013 BC18	2.75	0.77	24.8
2015 BS4	2.75	0.64	6.1
2009 HD21	2.77	0.69	18.6
2004 MX2	2.78	0.71	18.3
2011 WV134	2.78	0.68	6
1997 QK1	2.78	0.65	2.9
2008 NO3	2.79	0.67	11.7
2013 RJ74	2.8	0.73	22.3
2002 MT3	2.8	0.69	6.5
6344 P-L	2.8	0.67	4.7
2003 RS1	2.8	0.64	2.5
2007 CA19	2.81	0.82	9.6
2015 CZ13	2.81	0.76	19
2011 YE6	2.81	0.73	3.1
2014 KM4	2.81	0.67	5.2
2004 UV1	2.81	0.65	20.8
-214869	2.82	0.66	2
2014 ER49	2.82	0.64	13.7
2010 EK44	2.83	0.77	11.2
2014 TA36	2.83	0.71	6.2
1998 SY14	2.83	0.67	3.5
2006 UO	2.83	0.67	2.3
2002 GZ8	2.83	0.64	5.3
2011 BX10	2.83	0.64	9.7
2011 CB50	2.83	0.64	12.3
2016 BP14	2.84	0.77	2
(14827) Hypnos	2.84	0.67	2
2002 FC	2.84	0.66	6.8
2010 CN44	2.85	0.68	3.8
2016 BZ14	2.85	0.67	31.3
2014 MR26	2.88	0.84	10.8
2011 BX18	2.88	0.73	14.5
2014 LJ21	2.89	0.9	24.2
-307005	2.89	0.75	39.2
2000 DN1	2.89	0.67	7.8
2006 CT10	2.89	0.66	12.9
-410778	2.91	0.72	54.5
2011 LA19	2.92	0.65	19.2
-442037	2.93	0.69	17.6
2002 KG4	2.94	0.66	27.6
-436329	2.95	0.7	21.7
2015 TH145	2.97	0.72	12.8
-250706	2.97	0.7	7
2011 WO41	3.01	0.73	20
2016 BA14	3.01	0.67	18.9
2009 SG18	3.02	0.67	58.4
2004 BZ74	3.05	0.89	16.6
2006 TA8	3.06	0.7	21.9
2015 HC10	3.06	0.68	4.9
2008 CL116	3.07	0.74	18.7
2007 YB2	3.09	0.69	16.5
2000 YG29	3.18	0.69	18.9
-414287	3.21	0.76	13.5
2011 LC19	3.21	0.73	10.5
-451124	3.21	0.7	10
2016 AJ193	3.26	0.82	22.7
2005 UJ159	3.34	0.83	35.5
2011 GS60	3.36	0.92	18.8
2015 HX176	3.89	0.8	28.3
